484848484848484848484848484848484848484848
484848484848484848484848484848484848484848
484848484848484848484848484848484848484848
484848484848484848484848484848484848484848
484848484848484848484848484848484848484848
484848484848484848484848484848484848484848
484848484848484848484848484848484848484848
484848484848484848484848484848484848484848
484848484848484848484848484848484848484848
484848484848484848484848484848484848484848
484848484848484848484848484848484848484848
484848484848484848484848484848484848484848
484848484848484848484848484848484848484848
484848484848484848484848484848484848484848
484848484848484848484848484848484848484848
484848484848484848484848484848484848484848
484848484848484848484848484848484848484848
484848484848484848484848484848484848484848
484848484848484848484848484848484848484848
484848484848484848484848484848484848484848
484848484848484848484848484848484848484848
